version https://git-lfs.github.com/spec/v1
oid sha256:9d17b015ac7ed62582ca57ad59ee8856ff439ccb497a718254057ff9f8e29a41
size 806113
