version https://git-lfs.github.com/spec/v1
oid sha256:1b8939c0af0742dc6dd9d5ca8d654826e59614b675378112da0a6a97d136f60d
size 1137835
